-80.689400 106.961000 -2.357970 1409076800874
-80.497400 106.679000 -2.482050 1409076800892
-80.385400 106.562000 -2.553410 1409076800909
-80.241900 106.442000 -2.642760 1409076800926
-80.120800 106.360000 -2.718690 1409076800942
-79.988500 106.304000 -2.794200 1409076800964
-79.851200 106.267000 -2.868710 1409076800975
-79.719000 106.210000 -2.939700 1409076800991
-79.648100 106.177000 -2.979720 1409076801008
-79.491500 106.171000 -3.024970 1409076801024
-79.591200 106.251000 -3.274800 1409076801041
-79.308300 106.372000 -3.731000 1409076801059
-79.099600 106.224000 -4.122130 1409076801076
-78.883600 106.197000 -4.481230 1409076801092
-78.611100 106.202000 -4.687060 1409076801110
-78.231500 106.243000 -5.095340 1409076801133
-77.746700 106.312000 -5.614450 1409076801143
-76.648500 105.415000 -5.900730 1409076801160
-76.128000 105.457000 -6.243080 1409076801176
-75.292600 105.670000 -6.706830 1409076801193
-74.688300 105.884000 -7.056950 1409076801210
-73.772500 106.074000 -7.563360 1409076801227
-72.686700 105.998000 -8.238100 1409076801243
-72.022600 106.048000 -8.507520 1409076801260
-70.921800 105.871000 -9.079130 1409076801276
-69.466600 105.844000 -9.663540 1409076801299
-67.875500 105.731000 -10.328600 1409076801311
-65.992300 105.616000 -10.891200 1409076801329
-64.246000 105.654000 -11.372000 1409076801344
-62.875500 105.903000 -11.971700 1409076801361
-61.459200 106.172000 -12.572100 1409076801378
-60.034400 106.198000 -13.309300 1409076801396
-58.367900 106.481000 -14.022900 1409076801413
-56.505300 106.638000 -14.805800 1409076801429
-54.271300 106.578000 -15.355600 1409076801453
-53.294300 106.550000 -15.690400 1409076801462
-50.476400 106.664000 -16.586400 1409076801478
-49.875100 106.780000 -16.868200 1409076801496
-48.465400 107.019000 -17.481900 1409076801512
-46.692500 107.135000 -17.874300 1409076801528
-44.828900 107.303000 -18.440700 1409076801546
-42.998300 107.188000 -19.177500 1409076801562
-41.247400 107.064000 -19.951100 1409076801586
-39.717400 106.901000 -20.685400 1409076801596
-37.566100 106.768000 -21.446200 1409076801613
-35.319900 106.536000 -21.987200 1409076801632
-32.842300 106.533000 -22.415500 1409076801647
-30.523100 106.286000 -22.846600 1409076801664
-27.810300 105.964000 -22.993700 1409076801680
-25.301800 105.136000 -23.098800 1409076801697
-22.668800 104.243000 -23.241000 1409076801718
-21.461300 104.126000 -23.176800 1409076801731
-19.085500 104.002000 -23.456400 1409076801747
-16.675700 104.021000 -23.753300 1409076801765
-14.342400 103.901000 -23.967700 1409076801782
-11.994000 103.674000 -24.288100 1409076801797
-9.652170 103.468000 -24.631300 1409076801815
-7.109170 102.859000 -25.099300 1409076801836
-4.579370 102.451000 -25.404100 1409076801848
-2.202660 102.239000 -25.706300 1409076801866
0.337724 101.882000 -25.930700 1409076801883
2.635970 101.685000 -26.241100 1409076801899
4.932660 101.534000 -26.568700 1409076801916
7.384700 101.562000 -26.749800 1409076801932
9.834260 101.324000 -26.891700 1409076801956
11.004700 101.150000 -26.973400 1409076801966
13.439100 101.174000 -27.043600 1409076801982
15.698400 101.170000 -27.154400 1409076801999
17.795400 101.348000 -27.339600 1409076802016
19.992300 101.623000 -27.560800 1409076802033
22.408700 101.926000 -27.866700 1409076802050
25.180700 102.164000 -27.847200 1409076802072
27.838300 101.848000 -27.713900 1409076802084
30.385600 102.012000 -27.485800 1409076802101
33.722300 101.580000 -26.464600 1409076802118
36.639200 101.396000 -25.563100 1409076802135
39.651100 101.352000 -24.961800 1409076802152
42.297800 101.142000 -24.423700 1409076802169
45.113400 101.161000 -23.402800 1409076802189
47.304100 101.274000 -22.900600 1409076802203
49.494000 101.653000 -22.925500 1409076802219
52.041000 101.571000 -22.769600 1409076802236
53.245200 101.625000 -22.636200 1409076802251
55.567800 101.831000 -22.536400 1409076802268
56.807600 101.889000 -22.468400 1409076802290
60.357000 101.846000 -22.310600 1409076802303
62.577900 102.143000 -22.214300 1409076802319
64.847900 102.593000 -22.203400 1409076802336
67.055100 102.989000 -22.235000 1409076802352
69.509400 103.055000 -22.398000 1409076802369
71.764900 103.131000 -22.495400 1409076802386
73.602000 103.500000 -22.608800 1409076802407
75.795200 103.646000 -22.722800 1409076802419
77.940300 103.676000 -22.585200 1409076802436
79.925200 104.012000 -22.678400 1409076802453
81.778300 104.191000 -22.812600 1409076802470
83.727800 104.523000 -23.015700 1409076802488
84.761900 104.609000 -23.173000 1409076802507
86.706700 104.669000 -23.389000 1409076802520
88.479300 104.681000 -23.488200 1409076802538
90.567400 104.702000 -23.574300 1409076802555
92.299400 104.643000 -23.554400 1409076802571
94.225000 104.644000 -23.437000 1409076802588
95.940900 104.724000 -23.401000 1409076802608
97.388000 104.740000 -23.420100 1409076802622
98.454300 104.750000 -23.427400 1409076802638
100.530000 104.788000 -22.854500 1409076802655
102.233000 104.945000 -22.837500 1409076802672
103.129000 104.985000 -22.889900 1409076802692
104.273000 105.010000 -22.955200 1409076802706
105.852000 104.911000 -23.407900 1409076802723
106.367000 104.964000 -23.493300 1409076802738
106.720000 104.788000 -24.404900 1409076802755
107.237000 104.700000 -24.993300 1409076802772
108.317000 104.714000 -25.512700 1409076802793
109.218000 104.325000 -26.279200 1409076802807
110.312000 103.948000 -26.905000 1409076802824
111.098000 103.020000 -28.091400 1409076802839
112.058000 102.084000 -29.289500 1409076802857
113.728000 100.819000 -31.161600 1409076802878
